static_motorcycle_inertial_data := [M__tot = 269.8500, XG = .22776564612299, 
YG = 0, ZG = .198334243175045, IX = 42.6268656266919, IY = 79.5529675764739, 
IZ = 39.0041019529552, CXZ = .38736092039245];
